# LED Network Export from Grasshopper
# Generated: 09/04/2025 18:08:31
# Polyline Count: 3

# Polyline 0
0.000000,136.672486,-0.000000,-1.479138,136.183951,-2.561942,-2.958275,135.695417,-5.123884,-4.388182,134.909569,-7.600554,-5.720732,133.535779,-9.908599,-7.053283,132.161989,-12.216644,-8.220699,130.335452,-14.238668,-9.281701,128.217161,-16.076377,-10.342703,126.098869,-17.914087,-11.225206,123.689044,-19.442627,-12.050944,121.186509,-20.872848,-12.876683,118.683973,-22.303069,-13.595120,116.057620,-23.547439,-14.265100,113.375352,-24.707879,-14.935081,110.693083,-25.868318,-15.552155,107.963515,-26.937123,-16.104646,105.176209,-27.894065,-16.657137,102.388903,-28.851007,-17.207628,99.600141,-29.804485,-17.679755,96.754365,-30.622235,-18.151883,93.908589,-31.439984,-18.624011,91.062813,-32.257734,-19.069877,88.200879,-33.029996,-19.479145,85.316428,-33.738868,-19.888412,82.431976,-34.447740,-20.297680,79.547525,-35.156613,-20.677528,76.647406,-35.814529,-21.039657,73.737851,-36.441756,-21.401787,70.828296,-37.068982,-21.763916,67.918741,-37.696208,-22.101329,64.997570,-38.280625,-22.425071,62.069973,-38.841363,-22.748814,59.142376,-39.402101,-23.072556,56.214779,-39.962839,-23.381748,53.281064,-40.498375,-23.674870,50.340591,-41.006077,-23.967991,47.400118,-41.513778,-24.261112,44.459646,-42.021479,-24.551207,41.518021,-42.523938,-24.818596,38.567754,-42.987069,-25.085984,35.617487,-43.450199,-25.353373,32.667221,-43.913330,-25.620761,29.716954,-44.376460,-25.875952,26.762447,-44.818464,-26.121953,23.804746,-45.244550,-26.367954,20.847045,-45.670635,-26.613954,17.889344,-46.096721,-26.859955,14.931643,-46.522806,-27.097560,11.971208,-46.934351,-27.333481,9.010224,-47.342977,-27.569401,6.049240,-47.751603,-27.805322,3.088256,-48.160230,-28.041242,0.127272,-48.568856
# Polyline 1
0.000000,136.672486,-0.000000,-1.479138,136.183951,2.561942,-2.958275,135.695417,5.123884,-4.388182,134.909569,7.600554,-5.720732,133.535779,9.908599,-7.053283,132.161989,12.216644,-8.220699,130.335452,14.238668,-9.281701,128.217161,16.076377,-10.342703,126.098869,17.914087,-11.225206,123.689044,19.442627,-12.050944,121.186509,20.872848,-12.876683,118.683973,22.303069,-13.595120,116.057620,23.547439,-14.265100,113.375352,24.707879,-14.935081,110.693083,25.868318,-15.552155,107.963515,26.937123,-16.104646,105.176209,27.894065,-16.657137,102.388903,28.851007,-17.207628,99.600141,29.804485,-17.679755,96.754365,30.622235,-18.151883,93.908589,31.439984,-18.624011,91.062813,32.257734,-19.069877,88.200879,33.029996,-19.479145,85.316428,33.738868,-19.888412,82.431976,34.447740,-20.297680,79.547525,35.156613,-20.677528,76.647406,35.814529,-21.039657,73.737851,36.441756,-21.401787,70.828296,37.068982,-21.763916,67.918741,37.696208,-22.101329,64.997570,38.280625,-22.425071,62.069973,38.841363,-22.748814,59.142376,39.402101,-23.072556,56.214779,39.962839,-23.381748,53.281064,40.498375,-23.674870,50.340591,41.006077,-23.967991,47.400118,41.513778,-24.261112,44.459646,42.021479,-24.551207,41.518021,42.523938,-24.818596,38.567754,42.987069,-25.085984,35.617487,43.450199,-25.353373,32.667221,43.913330,-25.620761,29.716954,44.376460,-25.875952,26.762447,44.818464,-26.121953,23.804746,45.244550,-26.367954,20.847045,45.670635,-26.613954,17.889344,46.096721,-26.859955,14.931643,46.522806,-27.097560,11.971208,46.934351,-27.333481,9.010224,47.342977,-27.569401,6.049240,47.751603,-27.805322,3.088256,48.160230,-28.041242,0.127272,48.568856
# Polyline 2
0.000000,136.672486,-0.000000,2.958276,136.183951,-0.000000,5.916551,135.695417,-0.000000,8.776364,134.909569,-0.000000,11.441465,133.535779,-0.000000,14.106565,132.161989,-0.000000,16.441398,130.335452,-0.000000,18.563402,128.217161,-0.000000,20.685406,126.098869,-0.000000,22.450412,123.689044,-0.000000,24.101889,121.186509,-0.000000,25.753366,118.683973,-0.000000,27.190241,116.057621,-0.000000,28.530201,113.375352,-0.000000,29.870161,110.693083,-0.000000,31.104311,107.963515,-0.000000,32.209292,105.176209,-0.000000,33.314274,102.388903,-0.000000,34.415255,99.600141,-0.000000,35.359511,96.754365,-0.000000,36.303767,93.908589,-0.000000,37.248023,91.062813,-0.000000,38.139754,88.200879,-0.000000,38.958289,85.316428,-0.000000,39.776825,82.431976,-0.000000,40.595360,79.547525,-0.000000,41.355056,76.647406,-0.000000,42.079315,73.737851,-0.000000,42.803574,70.828296,-0.000000,43.527832,67.918741,-0.000000,44.202658,64.997570,-0.000000,44.850143,62.069973,-0.000000,45.497628,59.142376,-0.000000,46.145112,56.214779,-0.000000,46.763496,53.281064,-0.000000,47.349739,50.340591,-0.000000,47.935982,47.400118,-0.000000,48.522225,44.459646,-0.000000,49.102415,41.518021,-0.000000,49.637192,38.567754,-0.000000,50.171969,35.617487,-0.000000,50.706746,32.667221,-0.000000,51.241523,29.716954,-0.000000,51.751905,26.762447,-0.000000,52.243906,23.804746,-0.000000,52.735907,20.847045,-0.000000,53.227908,17.889344,-0.000000,53.719910,14.931643,-0.000000,54.195120,11.971208,-0.000000,54.666961,9.010224,-0.000000,55.138803,6.049240,-0.000000,55.610644,3.088256,-0.000000,56.082485,0.127272,-0.000000

# Sources (comma-separated node indices)
# Example: 0,5,10 (will be auto-detected if empty)
