# LED Network Export from Grasshopper
# Generated: 09/04/2025 18:11:59
# Polyline Count: 9

# Polyline 0
238.482633,182.113794,60.177520,240.137907,179.620798,60.139991,241.793182,177.127803,60.102463,243.448456,174.634807,60.064934,245.103730,172.141812,60.027405,246.663288,169.589564,60.016251,248.150863,166.992756,60.024931,249.638438,164.395948,60.033612,251.126014,161.799139,60.042293,252.595977,159.192900,60.050871,253.932935,156.515429,60.058673,255.269893,153.837958,60.066475,256.606851,151.160487,60.074277,257.943809,148.483016,60.082078,259.221925,145.777874,60.089537,260.431278,143.040397,60.096594,261.640630,140.302919,60.103651,262.849982,137.565441,60.110709,264.059335,134.827963,60.117766,265.205577,132.064038,60.124455,266.309096,129.282209,60.130894,267.412615,126.500380,60.137334,268.516134,123.718551,60.143774,269.619653,120.936722,60.150213,270.675893,118.137020,60.156377,271.688563,115.320847,60.162286,272.701234,112.504674,60.168196,273.713904,109.688501,60.174105,274.726575,106.872327,60.180015,275.721537,104.050057,60.185821,276.657135,101.207348,60.191281,277.592732,98.364639,60.196740,278.528330,95.521930,60.202200,279.463927,92.679221,60.207660,280.399525,89.836512,60.213120,281.286578,86.978456,60.218296,282.155013,84.114514,60.223364,283.023448,81.250572,60.228432,283.891884,78.386630,60.233499,284.760319,75.522689,60.238567,285.628754,72.658747,60.243635,286.439210,69.777862,60.248364,287.249514,66.896933,60.253093,288.059817,64.016003,60.257821,288.870120,61.135074,60.262550,289.680423,58.254145,60.267279,290.488036,55.372484,60.271991,291.246979,52.477600,60.276420,292.005923,49.582716,60.280849,292.764866,46.687832,60.285278,293.523810,43.792948,60.289707,294.282753,40.898065,60.294136,295.041697,38.003181,60.298564,295.760572,35.098125,60.302760,296.474319,32.191767,60.306925,297.188065,29.285409,60.311090,297.901811,26.379051,60.315255,298.615558,23.472693,60.319420,299.329304,20.566335,60.323585,300.032322,17.657384,60.327687,300.724568,14.745830,60.331727,301.416813,11.834276,60.335767,302.109059,8.922722,60.339806,302.801304,6.011167,60.343846,303.493549,3.099613,60.347886,304.185795,0.188059,60.351925
# Polyline 1
238.482633,182.113794,60.177520,237.120129,183.208502,62.649843,235.757625,184.303209,65.122166,234.395121,185.397917,67.594488,232.938055,186.220880,70.107497,231.423142,186.877609,72.645395,229.908228,187.534338,75.183293,228.385744,188.012500,77.733874,226.836113,187.850341,80.329935,225.286482,187.688182,82.925995,223.736851,187.526023,85.522055,222.243920,186.747753,88.023125,220.762174,185.847962,90.505460,219.280427,184.948171,92.987794,217.854548,183.801587,95.376536,216.515636,182.270823,97.619583,215.176725,180.740058,99.862629,213.837813,179.209294,102.105676,212.636896,177.301362,104.117543,211.459863,175.328151,106.089398,210.282831,173.354939,108.061253,209.128135,171.337571,109.995687,208.101376,169.067286,111.715791,207.074618,166.797002,113.435895,206.047859,164.526717,115.155999,205.056468,162.202218,116.817906,204.154201,159.741100,118.333159,203.251934,157.279982,119.848413,202.349667,154.818864,121.363666,201.447400,152.357746,122.878920
# Polyline 2
198.268750,182.113794,-4.153365,199.391874,183.998258,-2.149953,200.514998,185.882722,-0.146542,201.638123,187.767187,1.856870,202.810890,189.594477,3.879345,204.158666,191.220204,5.969030,205.506443,192.845931,8.058715,206.854219,194.471658,10.148400,208.286225,195.794554,12.368680,209.787975,196.866702,14.697095,211.289725,197.938850,17.025511,212.791475,199.010998,19.353926,214.385712,199.418273,21.825741,215.981704,199.812938,24.300276,217.577695,200.207602,26.774810,219.173687,200.207602,29.249345,220.769679,199.812938,31.723880,222.365671,199.418273,34.198415,223.959908,199.010998,36.670229,225.461658,197.938850,38.998645,226.963408,196.866702,41.327060,228.465157,195.794554,43.655476,229.897164,194.471658,45.875756,231.244940,192.845931,47.965441,232.592716,191.220204,50.055125,233.940493,189.594477,52.144810,235.113260,187.767187,54.167286,236.236384,185.882722,56.170697,237.359509,183.998258,58.174109,238.482633,182.113794,60.177520
# Polyline 3
201.447400,152.357746,122.878920,199.186657,150.418487,122.907068,196.925914,148.479229,122.935216,194.665171,146.539971,122.963364,192.529733,144.472333,123.010407,190.529221,142.266458,123.077795,188.528710,140.060583,123.145184,186.528198,137.854708,123.212572,184.694370,135.513955,123.274345,182.956955,133.095188,123.332871,181.219539,130.676421,123.391397,179.482124,128.257653,123.449923,177.878235,125.751562,123.503951,176.361356,123.188567,123.555047,174.844478,120.625572,123.606144,173.327600,118.062577,123.657241,171.876144,115.463712,123.706134,170.533414,112.805235,123.751365,169.190684,110.146757,123.796595,167.847954,107.488279,123.841826,166.505224,104.829802,123.887057,165.299117,102.106794,123.927685,164.101137,99.379948,123.968039,162.903158,96.653102,124.008394,161.705179,93.926256,124.048749,160.542392,91.184815,124.087918,159.461235,88.409523,124.124337,158.380078,85.634231,124.160756,157.298922,82.858938,124.197176,156.217765,80.083646,124.233595,155.180625,77.292077,124.268532,154.198122,74.480305,124.301628,153.215619,71.668532,124.334724,152.233115,68.856759,124.367820,151.250612,66.044987,124.400916,150.298821,63.222968,124.432978,149.398337,60.383835,124.463311,148.497852,57.544701,124.493644,147.597368,54.705567,124.523978,146.696883,51.866433,124.554311,145.802372,49.025484,124.584443,144.972441,46.164906,124.612400,144.142510,43.304328,124.640356,143.312579,40.443750,124.668313,142.482648,37.583172,124.696270,141.652717,34.722594,124.724226,140.857353,31.852368,124.751019,140.087587,28.974998,124.776949,139.317820,26.097627,124.802879,138.548054,23.220257,124.828809,137.778287,20.342886,124.854739,137.008521,17.465516,124.880669,136.262770,14.581841,124.905790,135.521489,11.696992,124.930760,134.780208,8.812143,124.955731,134.038927,5.927294,124.980701,133.297646,3.042446,125.005671,132.556366,0.157597,125.030642
# Polyline 4
201.447400,152.357746,122.878920,202.551899,150.376638,124.882033,203.656399,148.395530,126.885145,204.760898,146.414422,128.888258,205.775053,144.285341,130.775099,206.715609,142.035713,132.567220,207.656165,139.786085,134.359341,208.596720,137.536458,136.151462,209.440459,135.119862,137.759110,210.255941,132.654533,139.312916,211.071422,130.189204,140.866722,211.886903,127.723875,142.420527,212.616753,125.139314,143.811173,213.327696,122.528427,145.165793,214.038638,119.917539,146.520413,214.749581,117.306652,147.875032,215.405830,114.631963,149.125439,216.034524,111.925132,150.323344,216.663219,109.218301,151.521249,217.291913,106.511470,152.719154,217.899353,103.783291,153.876561,218.459810,101.007921,154.944447,219.020267,98.232552,156.012334,219.580723,95.457183,157.080220,220.141180,92.681813,158.148106,220.660416,89.870106,159.137451,221.165918,87.046291,160.100626,221.671419,84.222476,161.063801,222.176921,81.398662,162.026976,222.682422,78.574847,162.990151,223.142534,75.715363,163.866842,223.601682,72.855121,164.741695,224.060829,69.994879,165.616547,224.519976,67.134637,166.491400,224.979124,64.274395,167.366252,225.399984,61.387016,168.168154,225.820643,58.499493,168.969670,226.241301,55.611971,169.771186,226.661959,52.724448,170.572702,227.082618,49.836926,171.374218,227.476961,46.932413,172.125595,227.864536,44.023530,172.864075,228.252111,41.114647,173.602554,228.639686,38.205763,174.341034,229.027261,35.296880,175.079513,229.404153,32.381664,175.797638,229.763539,29.456070,176.482407,230.122925,26.530476,177.167176,230.482311,23.604882,177.851945,230.841697,20.679287,178.536714,231.201083,17.753693,179.221483,231.550536,14.822561,179.887324,231.896578,11.889527,180.546668,232.242621,8.956493,181.206013,232.588663,6.023459,181.865357,232.934706,3.090425,182.524701,233.280748,0.157391,183.184045
# Polyline 5
198.268750,182.113794,-4.153365,199.631253,183.208502,-6.625688,200.993757,184.303209,-9.098010,202.356261,185.397917,-11.570333,203.813328,186.220880,-14.083342,205.328241,186.877609,-16.621240,206.843154,187.534338,-19.159138,208.365638,188.012500,-21.709719,209.915270,187.850341,-24.305779,211.464901,187.688182,-26.901839,213.014532,187.526023,-29.497900,214.507462,186.747753,-31.998970,215.989209,185.847962,-34.481304,217.470955,184.948171,-36.963639,218.896835,183.801587,-39.352380,220.235747,182.270823,-41.595427,221.574658,180.740058,-43.838474,222.913570,179.209294,-46.081520,224.114486,177.301362,-48.093387,225.291519,175.328151,-50.065242,226.468552,173.354939,-52.037097,227.623248,171.337571,-53.971532,228.650006,169.067286,-55.691635,229.676765,166.797002,-57.411739,230.703523,164.526717,-59.131843,231.694914,162.202218,-60.793750,232.597182,159.741100,-62.309004,233.499449,157.279982,-63.824257,234.401716,154.818864,-65.339511,235.303983,152.357746,-66.854765
# Polyline 6
198.268750,182.113794,-4.153365,196.613475,179.620798,-4.115836,194.958201,177.127803,-4.078307,193.302927,174.634807,-4.040778,191.647653,172.141812,-4.003249,190.088095,169.589564,-3.992095,188.600520,166.992756,-4.000776,187.112944,164.395948,-4.009457,185.625369,161.799139,-4.018137,184.155405,159.192900,-4.026716,182.818447,156.515429,-4.034517,181.481490,153.837958,-4.042319,180.144532,151.160487,-4.050121,178.807574,148.483016,-4.057923,177.529457,145.777874,-4.065381,176.320105,143.040397,-4.072439,175.110753,140.302919,-4.079496,173.901400,137.565441,-4.086553,172.692048,134.827963,-4.093610,171.545806,132.064038,-4.100299,170.442287,129.282209,-4.106739,169.338768,126.500380,-4.113179,168.235249,123.718551,-4.119618,167.131730,120.936722,-4.126058,166.075490,118.137020,-4.132221,165.062819,115.320847,-4.138131,164.050149,112.504674,-4.144040,163.037478,109.688501,-4.149950,162.024808,106.872327,-4.155859,161.029846,104.050057,-4.161666,160.094248,101.207348,-4.167125,159.158651,98.364639,-4.172585,158.223053,95.521930,-4.178045,157.287456,92.679221,-4.183504,156.351858,89.836512,-4.188964,155.464805,86.978456,-4.194140,154.596370,84.114514,-4.199208,153.727934,81.250572,-4.204276,152.859499,78.386630,-4.209344,151.991064,75.522689,-4.214412,151.122629,72.658747,-4.219479,150.312172,69.777862,-4.224209,149.501869,66.896933,-4.228937,148.691566,64.016003,-4.233666,147.881263,61.135074,-4.238395,147.070960,58.254145,-4.243123,146.263347,55.372484,-4.247836,145.504403,52.477600,-4.252265,144.745460,49.582716,-4.256694,143.986516,46.687832,-4.261122,143.227573,43.792948,-4.265551,142.468629,40.898065,-4.269980,141.709686,38.003181,-4.274409,140.990810,35.098125,-4.278604,140.277064,32.191767,-4.282769,139.563318,29.285409,-4.286934,138.849571,26.379051,-4.291099,138.135825,23.472693,-4.295264,137.422079,20.566335,-4.299429,136.719060,17.657384,-4.303532,136.026815,14.745830,-4.307572,135.334570,11.834276,-4.311611,134.642324,8.922722,-4.315651,133.950079,6.011167,-4.319690,133.257833,3.099613,-4.323730,132.565588,0.188059,-4.327770
# Polyline 7
235.303983,152.357746,-66.854765,237.564726,150.418487,-66.882913,239.825468,148.479229,-66.911061,242.086211,146.539971,-66.939209,244.221650,144.472333,-66.986252,246.222161,142.266458,-67.053640,248.222673,140.060583,-67.121028,250.223184,137.854708,-67.188416,252.057012,135.513955,-67.250190,253.794428,133.095188,-67.308716,255.531843,130.676421,-67.367241,257.269259,128.257653,-67.425767,258.873148,125.751562,-67.479795,260.390026,123.188567,-67.530892,261.906905,120.625572,-67.581989,263.423783,118.062577,-67.633086,264.875239,115.463712,-67.681979,266.217969,112.805235,-67.727209,267.560699,110.146757,-67.772440,268.903429,107.488279,-67.817670,270.246159,104.829802,-67.862901,271.452266,102.106794,-67.903529,272.650245,99.379948,-67.943884,273.848225,96.653102,-67.984239,275.046204,93.926256,-68.024593,276.208991,91.184815,-68.063762,277.290148,88.409523,-68.100182,278.371304,85.634231,-68.136601,279.452461,82.858938,-68.173020,280.533617,80.083646,-68.209440,281.570758,77.292077,-68.244376,282.553261,74.480305,-68.277472,283.535764,71.668532,-68.310568,284.518267,68.856759,-68.343665,285.500770,66.044987,-68.376761,286.452561,63.222968,-68.408822,287.353046,60.383835,-68.439156,288.253531,57.544701,-68.469489,289.154015,54.705567,-68.499822,290.054500,51.866433,-68.530156,290.949011,49.025484,-68.560288,291.778942,46.164906,-68.588244,292.608873,43.304328,-68.616201,293.438804,40.443750,-68.644158,294.268735,37.583172,-68.672114,295.098666,34.722594,-68.700071,295.894030,31.852368,-68.726863,296.663796,28.974998,-68.752793,297.433563,26.097627,-68.778723,298.203329,23.220257,-68.804653,298.973095,20.342886,-68.830583,299.742862,17.465516,-68.856513,300.488613,14.581841,-68.881634,301.229894,11.696992,-68.906605,301.971175,8.812143,-68.931575,302.712456,5.927294,-68.956545,303.453736,3.042446,-68.981516,304.195017,0.157597,-69.006486
# Polyline 8
235.303983,152.357746,-66.854765,234.199483,150.376638,-68.857877,233.094984,148.395530,-70.860990,231.990485,146.414422,-72.864102,230.976329,144.285341,-74.750944,230.035774,142.035713,-76.543065,229.095218,139.786085,-78.335186,228.154662,137.536458,-80.127307,227.310923,135.119862,-81.734955,226.495442,132.654533,-83.288760,225.679961,130.189204,-84.842566,224.864480,127.723875,-86.396372,224.134630,125.139314,-87.787018,223.423687,122.528427,-89.141637,222.712744,119.917539,-90.496257,222.001802,117.306652,-91.850877,221.345553,114.631963,-93.101284,220.716858,111.925132,-94.299189,220.088164,109.218301,-95.497094,219.459470,106.511470,-96.694999,218.852030,103.783291,-97.852406,218.291573,101.007921,-98.920292,217.731116,98.232552,-99.988178,217.170659,95.457183,-101.056064,216.610202,92.681813,-102.123951,216.090966,89.870106,-103.113295,215.585465,87.046291,-104.076470,215.079964,84.222476,-105.039645,214.574462,81.398662,-106.002820,214.068961,78.574847,-106.965995,213.608848,75.715363,-107.842687,213.149701,72.855121,-108.717539,212.690554,69.994879,-109.592392,212.231406,67.134637,-110.467244,211.772259,64.274395,-111.342097,211.351398,61.387016,-112.143998,210.930740,58.499493,-112.945514,210.510082,55.611971,-113.747030,210.089424,52.724448,-114.548547,209.668765,49.836926,-115.350063,209.274422,46.932413,-116.101439,208.886847,44.023530,-116.839919,208.499272,41.114647,-117.578399,208.111697,38.205763,-118.316878,207.724122,35.296880,-119.055358,207.347229,32.381664,-119.773483,206.987843,29.456070,-120.458252,206.628457,26.530476,-121.143020,206.269071,23.604882,-121.827789,205.909685,20.679287,-122.512558,205.550299,17.753693,-123.197327,205.200847,14.822561,-123.863169,204.854804,11.889527,-124.522513,204.508762,8.956493,-125.181857,204.162719,6.023459,-125.841201,203.816677,3.090425,-126.500546,203.470634,0.157391,-127.159890

# Sources (comma-separated node indices)
# Example: 0,5,10 (will be auto-detected if empty)
