# LED Network Export from Grasshopper
# Generated: 03/04/2026 15:23:41
# Polyline Count: 9

# Polyline 0
198.268750,182.113794,-4.153365,190.727287,170.705380,-3.988365,183.967396,158.816380,-4.027813,172.351918,134.058047,-4.095595,166.209985,118.511043,-4.131437,156.329930,89.769886,-4.189092,151.027518,72.321183,-4.220034,141.863846,38.591204,-4.273509,132.565588,0.188059,-4.327770
# Polyline 1
238.482633,182.113794,60.177520,234.140553,189.353158,52.454998,229.251230,195.233352,44.874256,223.799570,199.063692,36.421629,218.375691,200.404934,28.012078,212.951813,199.063692,19.602526,207.500153,195.233352,11.149900,202.610829,189.353158,3.569158,198.268750,182.113794,-4.153365
# Polyline 2
198.268750,182.113794,-4.153365,202.902013,185.825817,-12.556638,208.050869,188.045438,-21.182394,213.315120,187.471804,-30.001466,218.350742,184.413920,-38.437525,223.194930,178.842933,-46.552876,227.461674,171.690042,-53.700850,231.417441,162.948160,-60.327853,235.303983,152.357746,-66.854765
# Polyline 3
238.482633,182.113794,60.177520,246.024095,170.705380,60.012521,252.783987,158.816380,60.051968,264.399465,134.058047,60.119751,270.541398,118.511043,60.155592,280.421453,89.769886,60.213248,285.723865,72.321183,60.244190,294.887536,38.591204,60.297665,304.185795,0.188059,60.351925
# Polyline 4
238.482633,182.113794,60.177520,233.849370,185.825817,68.580793,228.700513,188.045438,77.206550,223.436263,187.471804,86.025622,218.400640,184.413920,94.461680,213.556453,178.842933,102.577031,209.289709,171.690042,109.725005,205.333942,162.948160,116.352008,201.447400,152.357746,122.878920
# Polyline 5
201.447400,152.357746,122.878920,193.404957,145.437404,122.980925,185.440916,136.553269,123.249198,178.518168,126.832825,123.482394,172.438804,116.560823,123.687181,166.452773,104.725955,123.888823,160.609964,91.358271,124.085642,150.538012,63.977113,124.424921,141.302590,33.515788,124.736021,132.556366,0.157597,125.030642
# Polyline 6
201.447400,152.357746,122.878920,205.304776,145.410155,129.879039,208.981751,136.506609,136.885094,212.172414,126.771119,142.964536,214.971751,116.490749,148.298351,217.724141,104.650524,153.542714,220.407666,91.282013,158.655863,225.031908,63.913598,167.466827,229.269384,33.478762,175.540850,233.280748,0.157391,183.184045
# Polyline 7
235.303983,152.357746,-66.854765,243.346426,145.437404,-66.956769,251.310467,136.553269,-67.225042,258.233215,126.832825,-67.458239,264.312579,116.560823,-67.663025,270.298610,104.725955,-67.864668,276.141419,91.358271,-68.061486,286.213370,63.977113,-68.400765,295.448793,33.515788,-68.711865,304.195017,0.157597,-69.006486
# Polyline 8
235.303983,152.357746,-66.854765,231.446607,145.410155,-73.854883,227.769631,136.506609,-80.860939,224.578969,126.771119,-86.940380,221.779632,116.490749,-92.274195,219.027242,104.650524,-97.518559,216.343717,91.282013,-102.631708,211.719475,63.913598,-111.442671,207.481999,33.478762,-119.516694,203.470634,0.157391,-127.159890

# Sources (comma-separated node indices)
# Example: 0,5,10 (will be auto-detected if empty)
